18;0.652305287583;0.5264604811
12;0.421453011747;0.507216494845
9;0.493929534381;0.507560137457
29;0.161952596342;0.507903780069
21;0.964823322521;0.49793814433
8;0.906557357634;0.485567010309
2;0.773192883742;0.517525773196
22;0.30773501249;0.508934707904
18;0.490648836995;0.509621993127
3;0.672888660358;0.518900343643
26;0.778706696862;0.520618556701
26;0.943446976047;0.497594501718
11;0.183410245827;0.508934707904
22;0.0724390042704;0.6
8;0.793421582068;0.513745704467
26;0.958377015017;0.510996563574
5;0.425512494617;0.513745704467
21;0.97609422303;0.516494845361
22;0.176117577739;0.519243986254
23;0.634193378956;0.521649484536
16;0.99;0.519587628866
14;0.99;0.513058419244
2;0.690096111436;0.510996563574
14;0.01;0.652577319588
26;0.902216297538;0.503436426117
16;0.99;0.519931271478
9;0.99;0.508591065292
26;0.292738133174;0.515120274914
15;0.348221104237;0.517182130584
2;0.398790166778;0.513058419244
32;0.99;0.512371134021
26;0.99;0.518556701031
18;0.58310461349;0.502405498282
12;0.01;0.654295532646
2;0.99;0.517182130584
14;0.721781054399;0.512027491409
2;0.480981887963;0.512027491409
28;0.822411403425;0.507216494845
16;0.672727101246;0.49587628866
7;0.57341907094;0.519931271478
13;0.99;0.513745704467
12;0.99;0.504810996564
2;0.845429104929;0.520618556701
5;0.131582842028;0.529896907216
24;0.90242457053;0.506529209622
16;0.99;0.500343642612
12;0.99;0.507560137457
23;0.441754712556;0.496563573883
14;0.313084412131;0.512371134021
2;0.42054470752;0.503436426117
26;0.99;0.523711340206
19;0.99;0.520962199313
21;0.852390063461;0.507560137457
6;0.01;0.671821305842
2;0.99;0.528178694158
10;0.669094421451;0.505841924399
2;0.557365453432;0.511340206186
25;0.763401039045;0.513058419244
12;0.924825811572;0.499312714777
2;0.694586447576;0.525085910653
10;0.99;0.503780068729
10;0.99;0.518213058419
2;0.924704417716;0.543986254296
7;0.545419063014;0.508934707904
19;0.914909913222;0.514089347079
11;0.99;0.517869415808
12;0.99;0.520962199313
22;0.59292926591;0.517869415808
14;0.346806753631;0.515120274914
2;0.555474595279;0.521305841924
19;0.99;0.514776632302
12;0.987365615357;0.523367697595
18;0.982374185614;0.515463917526
8;0.183111791558;0.517182130584
5;0.988884055397;0.528865979381
8;0.704798333892;0.515807560137
2;0.670679212325;0.518900343643
24;0.795965456932;0.505841924399
10;0.99;0.506872852234
3;0.82927044303;0.516494845361
7;0.99;0.510652920962
10;0.99;0.524742268041
4;0.746660873184;0.516151202749
18;0.735450708351;0.513745704467
12;0.921664559945;0.527835051546
8;0.981641728076;0.530240549828
11;0.99;0.524054982818
19;0.683086570315;0.511683848797
14;0.552895873666;0.504467353952
3;0.630568664731;0.521305841924
17;0.99;0.521649484536
11;0.969500290093;0.510996563574
12;0.87735894679;0.52439862543
9;0.525159302555;0.512027491409
7;0.94021762189;0.523024054983
7;0.718514847621;0.520618556701
3;0.792460388642;0.514089347079
18;0.865249139069;0.50824742268
11;0.99;0.529209621993
5;0.921287947836;0.523711340206
7;0.99;0.521993127148
10;0.977668286652;0.520274914089
8;0.61226875124;0.524054982818
27;0.681736771093;0.512371134021
9;0.924073529369;0.514776632302
7;0.940942014627;0.499312714777
10;0.986819586939;0.510309278351
18;0.688926963296;0.523024054983
13;0.831152734892;0.50412371134
7;0.714260413036;0.517525773196
19;0.99;0.525429553265
15;0.940456239607;0.505154639175
10;0.815940405107;0.529209621993
9;0.750126517362;0.531271477663
9;0.872043213812;0.505841924399
8;0.710093116379;0.513745704467
3;0.798790456014;0.523024054983
13;0.909819470669;0.520274914089
12;0.944904743326;0.520274914089
7;0.922858070481;0.503092783505
7;0.966148096746;0.527491408935
9;0.953957488061;0.512027491409
10;0.571863297527;0.519587628866
30;0.648930289853;0.523367697595
12;0.941255379966;0.498625429553
7;0.887684363584;0.520618556701
9;0.970775890206;0.508934707904
15;0.687281984354;0.507903780069
11;0.972636399326;0.526804123711
8;0.74302102782;0.518213058419
21;0.99;0.510652920962
21;0.913056936834;0.503436426117
12;0.767580916128;0.50824742268
9;0.882184806049;0.486254295533
10;0.849506182459;0.521305841924
9;0.701456522771;0.509965635739
5;0.694841827341;0.511340206186
11;0.878679111058;0.507560137457
13;0.905110805868;0.506529209622
8;0.921077682685;0.519243986254
8;0.939725683182;0.53676975945
10;0.928983040912;0.525429553265
10;0.595335133434;0.513058419244
26;0.654088034435;0.523711340206
17;0.942998716541;0.521305841924
8;0.870463123418;0.518213058419
10;0.967297914207;0.531271477663
14;0.603775375586;0.520274914089
11;0.971685928007;0.510309278351
6;0.785234576055;0.506529209622
17;0.951424678759;0.501374570447
23;0.906547406592;0.519587628866
14;0.692730203091;0.520618556701
9;0.953653358076;0.519931271478
9;0.861764823471;0.507560137457
9;0.742426975095;0.509965635739
6;0.624759744885;0.520962199313
15;0.856922790816;0.506872852234
12;0.769766220388;0.507903780069
8;0.91536542623;0.516151202749
9;0.940774823067;0.511340206186
10;0.931161417499;0.510996563574
9;0.654114641513;0.507216494845
20;0.499627449562;0.519931271478
20;0.9500926426;0.498281786942
8;0.8782682105;0.519931271478
10;0.949853320392;0.53676975945
12;0.572315308916;0.529896907216
10;0.906749997972;0.509278350515
3;0.804712449368;0.519243986254
14;0.924549656202;0.516494845361
19;0.907171440982;0.525429553265
16;0.674565540301;0.519243986254
9;0.951137154058;0.501030927835
8;0.879243624395;0.514432989691
9;0.808341385393;0.52439862543
5;0.707724784603;0.524054982818
15;0.850296246604;0.513058419244
11;0.716550085118;0.507903780069
8;0.911491876781;0.515463917526
9;0.941691632712;0.509621993127
10;0.953665100048;0.508591065292
9;0.686754806729;0.518900343643
14;0.442734126117;0.520618556701
17;0.951991204798;0.517869415808
8;0.889000485055;0.506529209622
11;0.927074239908;0.501374570447
15;0.607739874465;0.520618556701
10;0.856762117459;0.512371134021
2;0.847512279202;0.506872852234
12;0.905682860568;0.504467353952
17;0.92283147532;0.527491408935
15;0.761061731797;0.521305841924
9;0.927474850063;0.523367697595
8;0.885146520847;0.50824742268
9;0.824163482044;0.523367697595
4;0.738806727556;0.517525773196
13;0.872074669464;0.535395189003
12;0.700031509576;0.518900343643
7;0.911409257317;0.50824742268
9;0.953463840037;0.504810996564
9;0.960719498783;0.508934707904
9;0.739352270926;0.519587628866
16;0.390131956397;0.512027491409
16;0.942885438639;0.519587628866
8;0.903190222715;0.53058419244
10;0.912419767403;0.497594501718
17;0.609873308091;0.50206185567
9;0.826314203803;0.514432989691
3;0.773243113482;0.50618556701
13;0.908356256438;0.510996563574
16;0.930675716435;0.503436426117
15;0.84750586219;0.529553264605
9;0.889599361144;0.498969072165
8;0.895276523251;0.515463917526
9;0.793246532684;0.53264604811
3;0.736101412258;0.517525773196
14;0.875591635207;0.500687285223
12;0.706240005634;0.506529209622
7;0.913958988141;0.50206185567
9;0.938747988666;0.521305841924
9;0.972314910311;0.509621993127
9;0.781517116862;0.505841924399
21;0.424081450764;0.524742268041
15;0.923802534707;0.507903780069
8;0.910895357116;0.531271477663
9;0.904077373469;0.506872852234
16;0.632500914033;0.518900343643
10;0.848016723964;0.517525773196
4;0.696198780577;0.506872852234
11;0.916880186596;0.515463917526
17;0.935159463905;0.515463917526
15;0.887346148579;0.520274914089
8;0.872646150706;0.523711340206
8;0.903584892558;0.509621993127
9;0.780399257327;0.510652920962
4;0.766622601089;0.518556701031
13;0.885484033588;0.515807560137
12;0.785919242919;0.511683848797
7;0.911761696283;0.525085910653
9;0.949483219855;0.514432989691
10;0.976534287052;0.514776632302
8;0.833989912394;0.49381443299
23;0.423693239923;0.520274914089
14;0.911731297988;0.518556701031
8;0.91215891142;0.521305841924
9;0.904804418057;0.512714776632
16;0.673669313402;0.511683848797
10;0.874289760931;0.517869415808
6;0.742257146043;0.514432989691
10;0.936987490189;0.502749140893
15;0.931411343333;0.521649484536
14;0.864320539611;0.511340206186
8;0.873902235829;0.500687285223
8;0.897015949569;0.519587628866
10;0.784888829119;0.518556701031
4;0.810568146209;0.511340206186
11;0.89140213629;0.515120274914
13;0.805805595297;0.513402061856
7;0.910623089589;0.513058419244
9;0.967677159205;0.49793814433
10;0.974844364093;0.513745704467
8;0.874504365272;0.503436426117
20;0.408549072672;0.521993127148
14;0.924582348777;0.511340206186
8;0.910872194088;0.531271477663
9;0.909043330137;0.524742268041
17;0.78077540195;0.514432989691
11;0.893570296045;0.525429553265
6;0.824224987592;0.496563573883
11;0.947609610561;0.509278350515
15;0.918846078622;0.509278350515
11;0.750367920954;0.513058419244
9;0.888930817549;0.524742268041
8;0.887264316394;0.517182130584
10;0.777670400434;0.5264604811
5;0.829937353566;0.515463917526
10;0.894291939042;0.529209621993
14;0.846089228248;0.511683848797
8;0.909715936571;0.504810996564
9;0.971685563699;0.516151202749
10;0.967691984297;0.519243986254
8;0.894369469928;0.512027491409
21;0.341823208122;0.529209621993
16;0.949554913586;0.493127147766
8;0.909736613433;0.515120274914
9;0.910875788307;0.495189003436
16;0.737150220053;0.50412371134
11;0.881007570505;0.525429553265
7;0.869458845869;0.511683848797
12;0.939159801474;0.514432989691
16;0.912740314642;0.512027491409
12;0.683712367289;0.511340206186
9;0.901534756946;0.520962199313
8;0.881925047314;0.506529209622
10;0.757673206134;0.507560137457
5;0.784431687379;0.527491408935
10;0.900599397499;0.510996563574
13;0.784223611638;0.527491408935
8;0.909944323211;0.530240549828
9;0.943809252794;0.522336769759
10;0.952009997792;0.517525773196
8;0.885166887136;0.518556701031
19;0.531266883824;0.49381443299
15;0.947526812102;0.511340206186
8;0.907816160155;0.510309278351
9;0.910311933778;0.514089347079
14;0.681670791423;0.517182130584
10;0.873396597482;0.513058419244
7;0.886946994375;0.521993127148
13;0.927000169748;0.507216494845
16;0.918058171453;0.505498281787
13;0.669214631864;0.517182130584
9;0.903169244916;0.530927835052
9;0.881848715805;0.516838487973
9;0.80952547429;0.518900343643
5;0.698924860343;0.508934707904
10;0.896753488974;0.504467353952
10;0.753091140175;0.522680412371
8;0.909430215785;0.519243986254
9;0.917025176943;0.528865979381
9;0.93790415523;0.522336769759
8;0.867359813024;0.514432989691
16;0.780288650572;0.505154639175
12;0.936814896079;0.503436426117
8;0.906137253643;0.517869415808
8;0.909075006135;0.498281786942
13;0.651487417264;0.526804123711
11;0.871234825225;0.516838487973
8;0.873262400268;0.513745704467
13;0.91421781785;0.5264604811
13;0.921312968254;0.512027491409
11;0.669613168074;0.49381443299
8;0.898872289903;0.506529209622
9;0.890088752386;0.510652920962
9;0.831334213148;0.524742268041
5;0.665157901231;0.515807560137
12;0.889163323826;0.509965635739
10;0.719763693482;0.5264604811
7;0.908755135079;0.49587628866
8;0.925089194767;0.523367697595
9;0.937432995003;0.517182130584
8;0.868643587846;0.509621993127
14;0.884100016468;0.517525773196
10;0.928243928802;0.504467353952
8;0.905530287803;0.522680412371
8;0.907400629024;0.521305841924
11;0.646101120596;0.528178694158
11;0.865822297196;0.528865979381
8;0.874525537369;0.511683848797
13;0.906928029098;0.523711340206
14;0.921457106515;0.503092783505
10;0.755541789763;0.512027491409
8;0.899170184413;0.520962199313
9;0.898264736583;0.511683848797
9;0.817807543857;0.514089347079
6;0.710204638027;0.517182130584
12;0.887195648427;0.504810996564
9;0.750350153895;0.526116838488
7;0.907896208039;0.518556701031
8;0.93984943398;0.504810996564
10;0.929575325115;0.50412371134
8;0.879890971953;0.509621993127
13;0.836843369284;0.506872852234
10;0.919129689611;0.520962199313
8;0.90555385111;0.509278350515
8;0.906554959438;0.516494845361
10;0.632860273586;0.523024054983
10;0.85416321638;0.532989690722
7;0.862209406638;0.525429553265
14;0.903335107233;0.514089347079
16;0.919603406533;0.513745704467
9;0.85070410774;0.5
8;0.898616485392;0.522336769759
9;0.892833201085;0.512714776632
9;0.832416942514;0.513058419244
6;0.788213983241;0.524742268041
12;0.88420786212;0.518556701031
10;0.813756124734;0.522680412371
7;0.907318924369;0.510996563574
8;0.9476427763;0.49793814433
10;0.915732242535;0.507560137457
8;0.886672500345;0.485223367698
13;0.736297013276;0.527835051546
10;0.921315977197;0.518900343643
8;0.905773675274;0.522680412371
8;0.907527748878;0.516151202749
15;0.591319787888;0.527491408935
10;0.865043582602;0.513058419244
7;0.854977570355;0.510309278351
12;0.91454075848;0.497594501718
20;0.922083444616;0.512027491409
9;0.887578125581;0.511683848797
9;0.893472504072;0.510996563574
9;0.884331410592;0.497594501718
9;0.785216985055;0.509965635739
6;0.850186316664;0.523711340206
11;0.883547649453;0.523024054983
11;0.822180840025;0.511683848797
7;0.906996963272;0.506872852234
9;0.942636030521;0.520618556701
10;0.901800012878;0.50824742268
8;0.890063264542;0.518213058419
14;0.633742011555;0.526804123711
12;0.933677512147;0.498969072165
8;0.898382363636;0.506529209622
9;0.908567152292;0.508934707904
16;0.541566854609;0.519931271478
11;0.871854144311;0.518900343643
7;0.849291606189;0.512027491409
10;0.912899346693;0.533333333333
21;0.909963183698;0.514776632302
9;0.869732113788;0.504810996564
9;0.887236292899;0.518556701031
9;0.8809326278;0.513402061856
9;0.793703997214;0.527147766323
6;0.869368778655;0.518213058419
12;0.882864701244;0.518213058419
13;0.819918954208;0.517869415808
8;0.906466811527;0.507560137457
9;0.935153213645;0.513402061856
9;0.904420458762;0.517182130584
8;0.889874339876;0.518900343643
14;0.558841173393;0.515807560137
14;0.917009883753;0.520618556701
8;0.896068863684;0.519587628866
9;0.901770883718;0.517869415808
18;0.583538761881;0.514089347079
12;0.864643731929;0.510996563574
7;0.853236565828;0.511683848797
10;0.901515500093;0.521649484536
23;0.901091732457;0.510309278351
10;0.827690939155;0.515463917526
9;0.882359144073;0.517525773196
9;0.88323177608;0.507560137457
9;0.790434367377;0.510996563574
6;0.852508401168;0.514432989691
12;0.880987571955;0.514776632302
14;0.827170401485;0.516838487973
8;0.904975685914;0.505841924399
9;0.921706428567;0.515120274914
9;0.913906898959;0.511683848797
8;0.88869675091;0.531958762887
12;0.530491638429;0.505841924399
14;0.921345335493;0.519587628866
8;0.892985144131;0.514432989691
9;0.896697801724;0.507560137457
15;0.615320011938;0.515120274914
12;0.859777462421;0.509621993127
8;0.862318874135;0.513402061856
10;0.897017756458;0.525773195876
20;0.902776575517;0.520618556701
11;0.810130504943;0.496907216495
9;0.881616776125;0.513058419244
8;0.885972928096;0.532989690722
10;0.791535765563;0.512371134021
7;0.827658732753;0.530240549828
14;0.879272645752;0.5264604811
11;0.803364590754;0.514432989691
8;0.903328303858;0.508934707904
9;0.931530813015;0.525429553265
9;0.908470002216;0.520962199313
8;0.886725545603;0.527491408935
11;0.633760010022;0.50824742268
13;0.921058475471;0.523711340206
8;0.892072897322;0.507903780069
9;0.891970534706;0.504467353952
14;0.736338954421;0.512714776632
12;0.859207380429;0.520618556701
8;0.861435089495;0.502405498282
10;0.899033183337;0.484536082474
15;0.905330547551;0.516494845361
10;0.824112317418;0.50618556701
9;0.881889753845;0.510652920962
8;0.887086570513;0.511340206186
10;0.781905759806;0.513058419244
8;0.794672366927;0.521993127148
14;0.880250511283;0.516151202749
11;0.794492885587;0.510652920962
8;0.901879578771;0.523024054983
9;0.9408303027;0.525429553265
9;0.90861336598;0.512714776632
9;0.888244613109;0.508934707904
13;0.689521724127;0.510652920962
14;0.91893673259;0.514776632302
9;0.897627663068;0.518213058419
9;0.899446935913;0.533333333333
15;0.776775890766;0.520618556701
11;0.850616245744;0.523367697595
8;0.854042555594;0.516838487973
10;0.900040896776;0.477663230241
17;0.922756345648;0.512027491409
11;0.784132330037;0.524742268041
9;0.885982084089;0.500687285223
9;0.887946171276;0.513058419244
10;0.818720636027;0.506529209622
7;0.769500750203;0.490034364261
15;0.879955921461;0.525085910653
12;0.758999911577;0.521649484536
8;0.903392079516;0.513402061856
10;0.934539777972;0.526116838488
9;0.908855456691;0.520618556701
10;0.89057326942;0.50824742268
15;0.742066812354;0.511683848797
13;0.91405578573;0.523024054983
10;0.905865662318;0.505841924399
9;0.907248998864;0.511683848797
16;0.708126588904;0.516494845361
11;0.861217105177;0.513745704467
8;0.865544026682;0.515463917526
10;0.900544753496;0.509621993127
20;0.924552434287;0.512371134021
11;0.798736602658;0.524054982818
9;0.889921335847;0.519587628866
10;0.892502469131;0.512371134021
10;0.795904916698;0.515807560137
8;0.769827347157;0.519931271478
13;0.88846357668;0.517182130584
12;0.767869272473;0.520962199313
8;0.90631973119;0.506872852234
10;0.935189417765;0.525429553265
10;0.917591253247;0.5
10;0.89451609132;0.520274914089
16;0.725573415916;0.521993127148
13;0.92231448036;0.504810996564
10;0.909012766708;0.520962199313
10;0.908994252898;0.524742268041
18;0.752880416092;0.511340206186
12;0.866959089376;0.518213058419
8;0.870016671377;0.507560137457
10;0.900452691542;0.510652920962
21;0.930001679242;0.507216494845
11;0.793141071584;0.525429553265
10;0.891482004773;0.501374570447
11;0.89788660413;0.512714776632
10;0.81826591705;0.513402061856
9;0.785283116075;0.523024054983
12;0.893933533363;0.53058419244
13;0.763716822093;0.511683848797
9;0.906676623721;0.512027491409
10;0.943842506628;0.517869415808
10;0.92140540987;0.517182130584
9;0.896855685505;0.516494845361
15;0.732120968678;0.527835051546
12;0.936977553324;0.521993127148
10;0.908799577586;0.512027491409
10;0.90979108378;0.515120274914
21;0.822338807735;0.493470790378
12;0.862855645845;0.512027491409
8;0.861113430812;0.518900343643
10;0.900180902961;0.512027491409
19;0.93357575215;0.514089347079
11;0.823693139367;0.512714776632
10;0.888406615677;0.5264604811
10;0.900908521877;0.525773195876
10;0.802930634637;0.519931271478
9;0.794826213367;0.506872852234
12;0.897655331794;0.514432989691
13;0.751533798861;0.533676975945
9;0.906231745128;0.524054982818
10;0.949849561481;0.521649484536
11;0.914714372073;0.529896907216
9;0.897131509207;0.514432989691
14;0.793416477796;0.509965635739
12;0.943200063485;0.514776632302
9;0.907149334988;0.522336769759
10;0.908394676578;0.519587628866
19;0.871250354605;0.512371134021
11;0.861921421322;0.503436426117
8;0.856228021425;0.520274914089
10;0.899987132491;0.52439862543
17;0.923891184337;0.520274914089
11;0.793050079708;0.517869415808
10;0.885941581984;0.516494845361
10;0.899117561607;0.515807560137
10;0.780776865666;0.515807560137
9;0.833860379577;0.509278350515
12;0.898559889825;0.52852233677
13;0.764399718286;0.496219931271
9;0.905099331015;0.50618556701
9;0.944153583673;0.521305841924
10;0.905340981466;0.517182130584
9;0.897042607191;0.509965635739
14;0.783118732697;0.516494845361
13;0.936707257651;0.507560137457
9;0.90508289937;0.527835051546
10;0.906052448648;0.516151202749
15;0.891754764654;0.523024054983
11;0.872750820487;0.509965635739
8;0.850465493017;0.508934707904
10;0.899918791281;0.507216494845
17;0.918304042228;0.517182130584
11;0.809104149889;0.496563573883
10;0.886634173569;0.50824742268
9;0.89401477378;0.513058419244
10;0.774528872948;0.527835051546
9;0.875846941389;0.510309278351
14;0.892475230156;0.511340206186
13;0.781630942363;0.509965635739
9;0.904013371216;0.516494845361
9;0.936290474068;0.494845360825
10;0.903867082374;0.516838487973
