12;0.515494644549;0.443102837326;18;2876;0.52729528536
4;0.53595656006;0.332807183975;49;2991;0.392546976157
28;0.68576821663;0.135256544164;47;2401;0.216524628051
10;0.492846304424;0.38646845772;10;2577;0.371572550763
15;0.521837870304;0.039921899125;34;2505;0.510338759349
6;0.230150809166;0.13218116532;10;2070;0.425971877585
12;0.0481490458496;0.408634000052;26;2195;0.837845420115
19;0.592862335002;0.258563028695;12;2544;0.57802359882
12;0.208671780685;0.483692528212;28;1316;0.427322677323
7;0.137084711016;0.163904071965;15;2492;0.641832552693
3;0.636857241849;0.158275575137;16;1559;0.491049581455
6;0.273735730748;0.444345393529;19;1338;0.511394941147
26;0.389076650869;0.153014182431;15;1177;0.438443598871
10;0.606128142995;0.162396073433;40;2246;0.553263633795
22;0.471709303698;0.195576740387;28;2545;0.20076707479
28;0.29259310202;0.157403849919;36;2525;0.187968818944
4;0.356175286664;0.163958870165;13;2822;0.196554906183
4;0.10040349897;0.318364246604;11;1279;0.381479179615
21;0.334904778618;0.420231791595;42;1288;0.578272772524
4;0.499077363396;0.421584233358;12;2597;0.54481938457
8;0.489293674006;0.260451333439;26;2279;0.607948899929
12;0.687353951917;0.362846395542;46;1676;0.816030334728
26;0.115770075439;0.359187442599;48;2169;0.668343815514
31;0.448974962926;0.379381996066;41;2015;0.79573129019
21;0.397504059956;0.373999374086;29;1902;0.47669091889
21;0.517126097308;0.34560422551;9;1478;0.635610502167
4;0.265690320789;0.0282165137836;41;2999;0.178023715415
2;0.237691472878;0.241314570388;5;1941;0.532303941487
8;0.224293047194;0.127951641716;25;1181;0.607392852757
20;0.657618664582;0.251033792519;12;2182;0.489218706245
23;0.567499847311;0.136295743312;29;2623;0.800029846292
25;0.358717274702;0.359069318489;30;1838;0.591370558376
13;0.115471011352;0.310713012001;12;1276;0.769507952286
2;0.253483698189;0.214048630227;10;1879;0.435997313633
17;0.586191086507;0.253144245252;34;2812;0.199324324324
11;0.610504970221;0.0401017058135;9;1485;0.336905217502
7;0.419607265975;0.482158474898;10;2515;0.583345572037
13;0.194397824104;0.391988985397;12;2655;0.772379667117
30;0.368391072621;0.449752037916;18;2418;0.304807413843
3;0.213068494316;0.137628901237;49;1150;0.500244678248
19;0.349178354131;0.247656491984;44;2730;0.634364573855
18;0.31968363705;0.47343155496;50;2704;0.56419939577
26;0.7;0.49987515443;26;2910;0.586685375741
2;0.7;0.203814924838;2;2970;0.514636449481
24;0.279945958825;0.01;22;3000;0.819259962049
3;0.01;0.242450539197;31;1195;0.666625661213
14;0.337962387575;0.323905446695;33;2067;0.209177346011
10;0.149800840285;0.345741340555;7;3000;0.761859582543
10;0.431362872635;0.294218427448;33;2758;0.463295766068
16;0.357427935852;0.449982626249;2;1702;0.63316714773
17;0.275856584315;0.01;13;1478;0.488274279888
6;0.553465815752;0.5;31;1459;0.255562619199
17;0.199699827037;0.304552605855;14;2086;0.579441834761
19;0.649722079792;0.118430807232;38;1719;0.502301117686
5;0.550030504668;0.268835568043;10;2683;0.44300557145
20;0.349513817309;0.480358445549;24;2910;0.835048331774
21;0.652592241844;0.359734186829;29;1660;0.496868475992
13;0.293457106462;0.466353437049;2;1292;0.59312749004
21;0.257529036913;0.424399542358;50;2500;0.41266119578
14;0.7;0.5;35;3000;0.601043643264
21;0.150334313014;0.214930956115;32;3000;0.674098671727
20;0.377278172852;0.29041732894;30;1556;0.243563336766
29;0.01;0.5;34;1821;0.924830067973
13;0.13326526918;0.5;48;3000;0.916508538899
21;0.0256587749379;0.251319589976;45;2405;0.820494291083
5;0.171280802938;0.331982949515;7;2249;0.801413427562
7;0.01;0.368263174065;35;3000;0.892631246047
2;0.277621635899;0.307860604543;11;2746;0.196716327151
2;0.01;0.198829519941;31;900;0.721866096866
26;0.371095735097;0.32233429759;2;2630;0.595010457126
7;0.7;0.237780232989;21;2323;0.428367376089
14;0.12926842337;0.5;12;2069;0.874844934528
14;0.164168981405;0.350092849281;2;2144;0.675348189415
2;0.0136256149606;0.0952867896228;2;1395;0.672089796948
19;0.540504029825;0.078959886851;16;3000;0.793168880455
19;0.597228826938;0.111639359498;2;1991;0.396699849993
20;0.7;0.305365069928;16;2543;0.541660522047
3;0.0553903222135;0.350695028937;2;2230;0.751339159853
32;0.310980312072;0.5;2;2816;0.7512292563
19;0.391404863408;0.307352923287;21;2264;0.772662889518
23;0.192848020691;0.203722750212;50;2416;0.189056166763
26;0.0997934448111;0.5;50;2534;0.923711340206
26;0.388680518109;0.5;18;2690;0.481760627073
7;0.582896458293;0.255238689093;3;2784;0.346788990826
28;0.0331715940925;0.0138531982349;21;2854;0.677588871716
6;0.01;0.396980548548;41;915;0.779284100369
21;0.399078908801;0.286689732773;36;1980;0.787581699346
9;0.01;0.403756280889;11;2846;0.913399197283
14;0.458263170232;0.200000922345;36;3000;0.539057558507
22;0.331915361406;0.5;2;1510;0.219093933965
21;0.188353994591;0.0521218545333;21;1625;0.403169242759
13;0.557843800842;0.5;32;1614;0.567055771725
13;0.0798026922369;0.438725651009;20;2527;0.912461380021
24;0.427249018085;0.228719496507;35;1675;0.237285919728
2;0.459821432447;0.372347658702;9;2379;0.501799856012
16;0.351982447344;0.5;19;2975;0.729248700583
30;0.7;0.461646390714;38;1159;0.493692590325
25;0.282575068171;0.5;2;1376;0.247106190237
21;0.160580265471;0.441286155419;50;2296;0.714001138304
24;0.7;0.5;46;2831;0.613275835515
30;0.01;0.195120708539;36;3000;0.557400379507
27;0.162218694338;0.269863455799;28;1629;0.641455490578
31;0.01;0.5;27;1647;0.914289435978
11;0.01;0.5;49;3000;0.940069576218
22;0.01;0.213911552657;50;2533;0.69327050508
7;0.01;0.377051377793;11;2499;0.919120879121
11;0.01;0.5;32;2789;0.938944146901
2;0.17558902487;0.414857135319;23;2742;0.924946824673
9;0.01;0.34723862891;34;900;0.70002374169
30;0.0884895908006;0.374706440289;2;2789;0.708339709258
10;0.610541586003;0.368953688731;25;2236;0.451608352144
16;0.01;0.5;6;2116;0.795088790233
19;0.136974551867;0.39024136643;8;2303;0.801167924797
5;0.01;0.232177663601;7;1360;0.444876946258
24;0.265703970488;0.01;11;2813;0.537705421594
26;0.33557407114;0.157358740401;2;2222;0.577865390031
28;0.7;0.351557345507;24;2266;0.811277982431
3;0.0311388327929;0.403904630612;2;2095;0.730391478766
32;0.205343270066;0.5;2;2846;0.908613769682
29;0.338569144428;0.486140114566;9;2721;0.446766621233
23;0.178838737837;0.204989466665;50;2662;0.574151906334
28;0.01;0.5;50;2676;0.922833935018
23;0.227116668045;0.5;23;2698;0.732417748264
11;0.435322008698;0.315820597255;19;2830;0.438404681244
30;0.01;0.195299834266;33;2852;0.448238566131
10;0.01;0.495838155165;49;1649;0.915960912052
18;0.261557143646;0.314224027845;37;2032;0.545117937466
9;0.01;0.4689286629;18;2794;0.914395099541
16;0.263640495609;0.176066788452;39;3000;0.820208728653
13;0.231680758203;0.429238188208;4;2178;0.506157290792
11;0.0815792140456;0.173974828058;33;1684;0.225130890052
17;0.425345738772;0.5;33;1730;0.755991572294
11;0.01;0.5;30;2882;0.931698230363
23;0.268847072994;0.283758545965;38;2407;0.797744687003
2;0.22084139946;0.446603264458;10;2537;0.648740238692
14;0.198680370642;0.5;24;2993;0.921971252567
31;0.7;0.480854496719;43;1770;0.542361662695
22;0.19206870436;0.5;7;1600;0.659373381668
17;0.0371491033532;0.464628255471;50;2290;0.925078191641
25;0.46853832745;0.5;50;2782;0.805411189239
30;0.01;0.238798217307;42;3000;0.449873497786
16;0.205202117015;0.336358433398;40;2084;0.536464088398
29;0.01;0.5;27;1724;0.891578947368
10;0.01;0.5;50;3000;0.937855787476
22;0.01;0.24266269013;50;2726;0.610639587754
8;0.01;0.446780240692;29;2873;0.909936443962
14;0.01;0.5;36;2743;0.911259686978
3;0.0686839051276;0.493472028345;35;2752;0.906269020085
12;0.01;0.422980281562;42;1052;0.886605415861
23;0.01;0.432217513283;4;2935;0.913601502583
12;0.333315570711;0.469263098668;38;2383;0.328338856073
15;0.01;0.5;25;2192;0.773836231071
19;0.105936271418;0.45916473554;26;2656;0.903569286143
8;0.01;0.363162631256;15;1416;0.659458775923
20;0.152305331551;0.218672269753;19;2852;0.580037082818
28;0.140822113243;0.216471775265;24;2661;0.395467507129
27;0.517686297354;0.403206943411;38;2358;0.809216192937
8;0.0413897045052;0.454534032213;11;2356;0.913030998852
25;0.107549807102;0.5;2;2919;0.884465261514
24;0.275963017543;0.5;22;3000;0.913978494624
17;0.128983827775;0.358976639602;50;2800;0.710606989577
27;0.01;0.5;50;2814;0.93133640553
20;0.13587487371;0.5;30;2767;0.943724264145
11;0.337948518523;0.338360112807;40;2916;0.18461298377
24;0.01;0.336065315296;42;2925;0.930926707298
12;0.01;0.5;50;2364;0.933908045977
11;0.115255840843;0.402911588939;36;2449;0.906181818182
10;0.01;0.5;24;2837;0.937413288115
15;0.0650367731746;0.241943974775;44;3000;0.436907020873
5;0.0720953987515;0.386401397755;17;2993;0.905544147844
5;0.233331511799;0.278202929809;40;1769;0.587293183322
17;0.19773273005;0.5;35;2224;0.638732394366
10;0.01;0.5;36;3000;0.93991144845
17;0.126298947876;0.385598315305;39;2838;0.850755473327
3;0.032171368112;0.489398793874;29;2624;0.873432835821
12;0.07790861403;0.5;31;3000;0.926944971537
25;0.512961212029;0.496236147817;47;2180;0.649636058231
16;0.141280170733;0.5;14;2157;0.808706571787
13;0.01;0.487538703067;50;2565;0.916407752626
23;0.149833416093;0.5;50;2815;0.907666308189
20;0.0337585411121;0.294992952192;44;3000;0.799493991145
9;0.325101642897;0.44210644456;50;2449;0.805963636364
22;0.01;0.5;33;1828;0.770277481323
9;0.01;0.5;49;3000;0.924256799494
19;0.01;0.296093754723;49;2726;0.906941497423
10;0.01;0.468005278798;40;2958;0.916116870877
13;0.01;0.5;37;2778;0.913076688054
3;0.0382901673209;0.5;45;2795;0.940419666105
13;0.01;0.475820418702;47;1545;0.912713716416
19;0.01;0.469450826175;25;3000;0.911290322581
18;0.14073759761;0.5;46;2823;0.904783879403
12;0.0232810829639;0.5;38;2267;0.882953096217
16;0.0492561195564;0.5;36;2891;0.930980879838
7;0.01;0.417547626721;27;1490;0.89928516722
16;0.162283364913;0.259033470106;36;2986;0.69233196592
22;0.0110983718135;0.384848051667;34;2939;0.893813625685
19;0.424810797871;0.441502416345;40;2450;0.455629909805
12;0.0455625874185;0.487854007614;19;2745;0.926736586107
21;0.0585624699539;0.5;2;2949;0.937882352941
17;0.203870293586;0.5;32;3000;0.920303605313
14;0.104715094546;0.442365058933;43;2862;0.920922315073
24;0.01;0.5;46;2866;0.915608547538
19;0.0902539765427;0.5;34;2801;0.943277632991
14;0.389931757882;0.383670178894;27;2909;0.825097427903
20;0.0325643028665;0.456518072764;42;2903;0.924155116026
14;0.01;0.5;47;2770;0.913793103448
11;0.0444293088886;0.474581505077;34;2709;0.920937263794
14;0.01;0.5;29;2831;0.939473278916
16;0.01;0.275217279863;45;2961;0.764419299073
9;0.01;0.369944119032;28;3000;0.895793801392
6;0.275967009574;0.440684920841;39;2210;0.611470340174
18;0.145426499991;0.5;33;2501;0.867653524842
13;0.01;0.5;39;3000;0.938488298545
15;0.0585782459057;0.483392809764;39;3000;0.91192283365
10;0.01;0.5;39;2698;0.941291880471
15;0.0329684398391;0.5;35;2907;0.946859903382
20;0.231371290076;0.5;44;2569;0.511621021466
15;0.11558234331;0.5;21;2651;0.902442679455
13;0.01;0.4968572295;46;2637;0.913862718708
22;0.01;0.5;50;2812;0.946253071253
15;0.0589564593917;0.378520093841;44;3000;0.907811511701
11;0.460220359564;0.480914805741;50;2705;0.81024323916
19;0.0271202519567;0.5;35;2303;0.90927218345
9;0.0277846333706;0.5;43;2998;0.930129623775
19;0.0277085694005;0.386438756475;39;2738;0.92225933799
12;0.0235074567508;0.452594117072;44;2945;0.91440664681
12;0.030783418471;0.5;34;2793;0.941815954678
12;0.0619119694934;0.5;48;2808;0.937998772253
15;0.01;0.5;49;2197;0.921285253262
19;0.01;0.475414858833;36;2941;0.91226695911
21;0.042122983586;0.5;45;3000;0.944022770398
14;0.0583751610069;0.5;43;2436;0.943089430894
15;0.0484892445918;0.5;39;2989;0.936227308603
9;0.0337544968445;0.470906214398;34;2026;0.819813647575
16;0.203298377421;0.278950435353;42;2970;0.632200188857
19;0.01;0.5;37;3000;0.941492726123
19;0.344387873262;0.42495942569;29;2574;0.530666666667
15;0.0620497988475;0.5;24;2943;0.931202005955
19;0.0459150504306;0.5;3;2923;0.917669114201
14;0.147706673021;0.5;36;3000;0.928526249209
13;0.0884043739859;0.5;38;2905;0.918055771927
21;0.01;0.5;41;2892;0.917133084577
18;0.0509641001663;0.5;35;2811;0.94365115922
16;0.279880684191;0.435495393103;22;2905;0.65493067456
19;0.0339428054814;0.482113708189;40;2904;0.919158878505
16;0.0117438641436;0.5;41;2866;0.945493960979
12;0.01;0.5;33;2920;0.935040599625
17;0.01;0.5;32;2848;0.939777640519
16;0.01;0.294462577375;43;2932;0.737327909887
11;0.0107548987775;0.384376182699;34;3000;0.910499683744
9;0.239012794082;0.5;39;2469;0.578847556528
17;0.102777910508;0.5;33;2762;0.947576958244
13;0.0105912546427;0.5;38;3000;0.939120809614
14;0.0134064644985;0.5;38;3000;0.918089816572
14;0.01;0.5;44;2807;0.93938928955
16;0.0104983527437;0.5;37;2861;0.918304193099
17;0.21718681098;0.5;41;2832;0.865064695009
15;0.0909430833172;0.5;26;2907;0.93626305127
14;0.01;0.5;43;2615;0.93635415114
18;0.01;0.5;48;2838;0.90780141844
12;0.0678898850072;0.453468980502;41;2977;0.9144477706
13;0.422588697305;0.5;47;2659;0.822355588897
19;0.0341148363225;0.5;35;2631;0.946511280442
12;0.0381605886942;0.5;40;2965;0.938826859569
16;0.0376538764107;0.468682779932;35;2755;0.930278581215
11;0.0304388575876;0.433170941419;28;2788;0.908812729498
12;0.041851325767;0.5;33;2833;0.941149283623
13;0.0593747868508;0.5;47;2848;0.937152563311
15;0.0171660499516;0.5;44;2777;0.939056056209
19;0.0135507527483;0.47440733599;40;2906;0.918977874727
21;0.01;0.5;40;3000;0.919829222011
15;0.0725854383886;0.5;44;2647;0.948180320503
15;0.0478291950036;0.5;40;3000;0.913662239089
11;0.0398673581364;0.474347685063;37;2239;0.943260409315
17;0.188720490742;0.282121204866;42;2959;0.511076197958
16;0.01;0.5;38;3000;0.936432637571
19;0.351860544326;0.414938713533;22;2626;0.830397133473
16;0.0668148779184;0.5;28;3000;0.92504743833
17;0.0422704185031;0.5;7;2915;0.946637540958
13;0.108882505002;0.5;39;2995;0.929214725865
13;0.0867932247245;0.5;38;2836;0.940813810111
19;0.0298546853067;0.5;40;2790;0.945515763698
17;0.0686289233506;0.5;38;2721;0.941693169771
16;0.150399505536;0.464559774462;27;2860;0.924504950495
18;0.03191669327;0.474973201327;42;2876;0.946184863524
16;0.0345961450359;0.5;40;2807;0.944759858831
13;0.0208263838486;0.5;35;2950;0.941324129275
18;0.0324872924316;0.5;39;2796;0.941942401961
16;0.100151535921;0.351895701211;42;2891;0.89880304679
13;0.0157713612959;0.448728480315;41;3000;0.91018342821
12;0.210302445429;0.5;41;2545;0.614692432512
16;0.0810451628759;0.5;34;2888;0.91780609074
12;0.0203373109511;0.5;40;2916;0.928370786517
14;0.01;0.5;38;2991;0.939996841939
16;0.0314050539397;0.5;45;2818;0.92622194897
16;0.0174186444075;0.5;39;2818;0.940055333538
15;0.153623181413;0.5;40;2927;0.93231202126
15;0.0766924081022;0.5;34;2933;0.935847285245
15;0.0247982681078;0.5;42;2615;0.946042629304
16;0.01;0.5;47;2817;0.93975718457
11;0.0734837601988;0.5;41;2828;0.935806650246
15;0.235572745194;0.5;45;2635;0.848108835401
19;0.041187801646;0.5;38;2795;0.938888037984
13;0.0469260560752;0.5;43;2880;0.916977032899
15;0.0570849434956;0.5;35;2763;0.948178631306
10;0.0449238519528;0.446120314712;20;2634;0.915994020927
12;0.0606497914834;0.5;38;2813;0.935800952235
14;0.0555675912185;0.5;45;2854;0.913601236476
16;0.0233996573864;0.5;41;3000;0.942441492726
17;0.0205477236206;0.486279449328;43;2759;0.916831683168
19;0.01;0.5;40;2989;0.940489344909
16;0.0796905770795;0.5;45;2753;0.929843250647
15;0.05493023068;0.5;41;2990;0.923902747079
13;0.0489697176639;0.487715796611;39;2387;0.930949978377
18;0.317468878687;0.272407604388;36;2953;0.403861246272
16;0.0282538375043;0.5;40;2832;0.947473813925
19;0.279867447506;0.442130711439;23;2662;0.696637646352
16;0.0701782423646;0.5;35;2881;0.936675461741
16;0.046909116682;0.5;13;2846;0.911083667799
13;0.0799800699572;0.5;40;2991;0.924680246329
14;0.0828129587182;0.5;40;2731;0.941301380252
16;0.0419906160876;0.5;41;2693;0.946463580154
17;0.0843826084901;0.5;40;2678;0.93409569666
16;0.0651342405108;0.491817667078;33;2805;0.921613744439
18;0.0312207231662;0.477812373634;43;2835;0.92402527354
16;0.0414026617684;0.5;41;2781;0.944062356717
15;0.0454640206739;0.5;40;2922;0.93798812871
17;0.0585521575215;0.5;45;2754;0.92100456621
16;0.14366671884;0.427476960273;43;2861;0.92031564289
15;0.0204353124123;0.475350921743;46;2845;0.913566908474
15;0.181977881919;0.5;44;2585;0.85057130138
16;0.0752992894257;0.5;36;2862;0.93840916125
11;0.0419714983713;0.5;42;2771;0.948878376316
14;0.0306422634044;0.5;41;2818;0.941438671995
14;0.0443350930376;0.5;45;2791;0.944742078677
15;0.0492698161015;0.5;40;2753;0.941104854664
14;0.0829620672508;0.5;40;2952;0.936911487759
15;0.0744613673634;0.5;38;2867;0.916989313923
16;0.0551979819353;0.5;42;2617;0.941553600716
17;0.0248368997239;0.5;48;2777;0.942416373912
12;0.0758625793736;0.5;41;2733;0.93976634805
16;0.0978670455739;0.5;44;2625;0.927004030452
17;0.0438559086217;0.5;41;2794;0.950076569678
14;0.0494731345311;0.5;46;2748;0.929288321168
14;0.0740996424479;0.5;35;2747;0.941158582941
10;0.0525608611283;0.455829745129;17;2534;0.929160530191
13;0.0665690593632;0.5;42;2771;0.94048527392
10;0.0482760239796;0.5;44;2749;0.942813688213
16;0.0320063772603;0.5;41;3000;0.944022770398
16;0.0421534422926;0.488884879009;44;2719;0.880696442089
18;0.0168199361798;0.5;42;2830;0.939790575916
16;0.0822118020705;0.5;45;2759;0.930388423458
15;0.0625862355261;0.5;42;2979;0.934594168637
13;0.0611259069091;0.491037419374;41;2441;0.926921400552
17;0.377590484292;0.214220377722;33;2817;0.354848624558
15;0.0374864985093;0.5;42;2729;0.94859742229
17;0.226882072399;0.469796240563;32;2664;0.848798798799
16;0.0723742859237;0.5;42;2780;0.946821515892
15;0.0506316425492;0.5;23;2781;0.946049212899
13;0.0700644012043;0.5;40;2820;0.941266912669
15;0.0764666914457;0.5;41;2694;0.931825037707
15;0.0480609199378;0.5;41;2691;0.946479722599
18;0.0981351353166;0.5;39;2679;0.951843491347
16;0.0304129588185;0.5;37;2800;0.94313304721
17;0.0321114965711;0.483687712903;43;2807;0.92772748197
16;0.0407599565039;0.5;42;2794;0.944104134763
15;0.0555943315782;0.5;41;2901;0.940214852872
17;0.0563476307455;0.5;44;2763;0.942996494437
16;0.127421328519;0.468210006619;42;2823;0.932471927396
16;0.022926142343;0.492769670897;46;2767;0.921763001373
17;0.135766591008;0.5;45;2608;0.937760571769
16;0.0795405010821;0.5;40;2826;0.940904893813
10;0.0532032149022;0.5;43;2702;0.942313500453
15;0.0462820303438;0.5;42;2730;0.945101607522
14;0.0505645696737;0.5;45;2778;0.94393522762
15;0.0603818550357;0.5;40;2768;0.929987797437
14;0.0373020642387;0.5;41;2896;0.944928438083
16;0.0686354067744;0.5;37;2845;0.943818490508
17;0.0554157590176;0.5;42;2696;0.94312009656
18;0.0324100898895;0.5;48;2763;0.923182441701
12;0.0732339683767;0.5;41;2709;0.925472411187
17;0.01;0.5;42;2695;0.938603107558
17;0.0451899621095;0.5;43;2793;0.927269943347
13;0.0436442052344;0.5;48;2696;0.94477972239
14;0.0712319657618;0.5;37;2769;0.929061784897
13;0.0538017453372;0.469308084026;20;2572;0.926095971564
14;0.0473646740373;0.5;41;2760;0.924131627057
8;0.0441325364484;0.5;43;2718;0.926279140176
16;0.0419870237907;0.5;41;2947;0.939940410851
17;0.0530892311594;0.485698876293;44;2762;0.929899420908
18;0.0272705995656;0.5;44;2826;0.941982148353
16;0.0763280107584;0.5;45;2717;0.950204328742
16;0.0620117298839;0.5;41;2932;0.935544430538
15;0.0592109079585;0.486727859639;41;2641;0.929672302858
17;0.348681997329;0.207148369301;28;2782;0.791195353103
15;0.0441780398896;0.5;43;2708;0.943319226119
17;0.109608701125;0.484409914125;36;2681;0.927743489387
16;0.0669850057485;0.5;45;2735;0.943845803612
16;0.0489682851009;0.5;29;2759;0.941203351104
14;0.0584525224927;0.5;41;2730;0.924173491052
15;0.0800640537158;0.5;41;2683;0.929378105707
16;0.0529372499418;0.5;41;2686;0.945766797228
18;0.10501139873;0.5;38;2679;0.925808878856
16;0.0333847738963;0.5;39;2793;0.944725156944
17;0.0605424201975;0.49093331005;41;2786;0.927041908841
17;0.0321982472031;0.5;41;2811;0.943958237371
16;0.0664282851596;0.5;40;2824;0.937846153846
17;0.0590478189478;0.5;43;2764;0.945731707317
17;0.110183047901;0.497114696086;41;2758;0.936186414864
18;0.0504178862534;0.5;45;2689;0.946345139412
18;0.103172432174;0.5;46;2621;0.947784574071
17;0.0940105513115;0.5;39;2734;0.925493171472
12;0.0588804101628;0.5;42;2670;0.946949203487
16;0.063176635686;0.5;42;2661;0.943118715293
16;0.0532125939156;0.5;42;2734;0.946585735964
16;0.0767554190972;0.5;37;2797;0.947142638272
15;0.044239430055;0.5;40;2843;0.94275574757
17;0.0679523351399;0.5;38;2791;0.943517526404
17;0.0566127989118;0.5;41;2702;0.94971307762
20;0.0312113780573;0.5;47;2741;0.941667932554
13;0.0811028619597;0.5;40;2697;0.944922287611
17;0.01;0.5;40;2722;0.910936079976
17;0.046881226176;0.5;42;2786;0.946160905476
15;0.0474733673711;0.5;46;2663;0.942801381174
16;0.072077522666;0.5;37;2753;0.928473596104
15;0.0638622526829;0.474838546941;24;2625;0.927750410509
14;0.0555215950946;0.5;39;2757;0.943505405817
12;0.0615208350881;0.5;40;2696;0.924562462281
17;0.0619014687703;0.5;41;2829;0.933179368745
18;0.0612670731604;0.490037512924;43;2771;0.93254997711
19;0.0683194040425;0.5;43;2830;0.941792423776
16;0.0744442418181;0.5;43;2687;0.945005273467
17;0.0684577922615;0.5;39;2911;0.936223296429
16;0.0671834916142;0.479218374677;38;2698;0.922879565349
18;0.383726960652;0.329839913711;28;2770;0.584528532194
16;0.0516572313773;0.5;42;2697;0.944922287611
17;0.0485506910861;0.496913485092;39;2688;0.929174201326
16;0.069561822482;0.5;44;2703;0.945778583296
17;0.0557501893492;0.5;31;2785;0.948157210583
15;0.071723888852;0.5;40;2675;0.948262896676
