16;0.0920677616659;0.698039215686
10;0.234000460591;0.684901960784
18;0.922511785706;0.658235294118
11;0.712805993391;0.649019607843
13;0.0331027990558;0.69137254902
27;0.386510171804;0.660784313725
7;0.201914255544;0.682941176471
15;0.662169812069;0.652156862745
30;0.0868729784697;0.707254901961
26;0.968965785928;0.654117647059
31;0.114353714122;0.697254901961
14;0.932935542879;0.645098039216
30;0.2497796026;0.680196078431
21;0.65482698662;0.652941176471
17;0.412883669748;0.674509803922
4;0.421951470798;0.660980392157
7;0.168170155546;0.684509803922
19;0.735375201828;0.641960784314
4;0.122448747653;0.705882352941
16;0.418522495614;0.678039215686
29;0.551556079468;0.651568627451
18;0.64161426064;0.66
24;0.01;0.687843137255
2;0.389557041018;0.670980392157
3;0.791289820246;0.644901960784
5;0.603236103174;0.652156862745
28;0.229476322719;0.68568627451
18;0.256064045443;0.667843137255
14;0.463824275311;0.684509803922
22;0.99;0.64568627451
26;0.0803631579556;0.693333333333
32;0.01;0.693921568627
10;0.0787300547475;0.698823529412
21;0.710943121873;0.655490196078
3;0.520449187957;0.652156862745
17;0.191254378788;0.694509803922
15;0.142325764239;0.69431372549
15;0.424064102458;0.666078431373
4;0.79821728913;0.655294117647
16;0.276870421078;0.663137254902
32;0.855150165865;0.644117647059
20;0.625190081555;0.663137254902
31;0.123632145674;0.706862745098
2;0.580977714496;0.658431372549
4;0.920704272192;0.651568627451
2;0.717357138093;0.650196078431
13;0.362363727944;0.669803921569
24;0.406255759876;0.666666666667
22;0.22696403308;0.686862745098
20;0.913625853641;0.646470588235
16;0.492893753814;0.674117647059
9;0.411857155903;0.659607843137
30;0.0712855174385;0.697450980392
14;0.304360054594;0.661176470588
20;0.733859152525;0.656274509804
16;0.212206304599;0.684901960784
23;0.411526596143;0.667254901961
11;0.99;0.657254901961
16;0.540271793596;0.656666666667
16;0.324330130201;0.68862745098
30;0.97672362956;0.642352941176
19;0.679355101769;0.656274509804
5;0.716063127043;0.644509803922
23;0.38051864056;0.673725490196
7;0.988767093996;0.645882352941
22;0.613139151466;0.662352941176
15;0.372578036108;0.663725490196
2;0.70017980253;0.654705882353
19;0.861963541927;0.648823529412
14;0.579973020632;0.650392156863
20;0.364162947095;0.661176470588
18;0.662742948982;0.647450980392
20;0.723671620054;0.656470588235
27;0.306472688717;0.668431372549
18;0.503967604487;0.653137254902
17;0.468491212213;0.679215686275
18;0.702103278493;0.654117647059
24;0.681834339362;0.657058823529
17;0.99;0.65862745098
16;0.37127803666;0.672745098039
24;0.988031790018;0.655882352941
16;0.743779845877;0.647254901961
12;0.784737602527;0.657058823529
8;0.730812004153;0.647058823529
18;0.554489409224;0.655294117647
12;0.917695320846;0.647843137255
22;0.713161734693;0.645294117647
19;0.755876303564;0.644117647059
17;0.476994173019;0.684509803922
19;0.830440500046;0.646666666667
23;0.541323958773;0.654117647059
19;0.716002826168;0.653921568627
19;0.568876776089;0.657843137255
23;0.82407015478;0.660980392157
20;0.694286813368;0.650980392157
19;0.74765822952;0.651764705882
19;0.493897172845;0.688431372549
19;0.796230288542;0.653333333333
16;0.866688087395;0.664705882353
17;0.528496662;0.652941176471
16;0.801293955213;0.654509803922
15;0.773524305297;0.649215686275
11;0.770318154418;0.642549019608
23;0.963722258118;0.649215686275
21;0.766135970479;0.646862745098
20;0.798897824339;0.642745098039
16;0.728266661382;0.657843137255
14;0.872171700108;0.658039215686
17;0.578207149816;0.657058823529
20;0.872889012766;0.658823529412
20;0.714856299102;0.646274509804
20;0.849283046329;0.641960784314
18;0.69259216461;0.638235294118
20;0.693459382632;0.648823529412
22;0.858309186923;0.648431372549
20;0.869070152888;0.653725490196
19;0.430740417971;0.665098039216
20;0.788818609502;0.658431372549
14;0.733046681773;0.651568627451
18;0.695807014686;0.655294117647
23;0.905508954312;0.642352941176
16;0.74919959648;0.64431372549
13;0.792065380313;0.648235294118
15;0.764003544432;0.648431372549
15;0.876850562308;0.64568627451
16;0.800317090185;0.657254901961
20;0.751562373833;0.660196078431
20;0.772483560229;0.648039215686
18;0.66037043511;0.658235294118
20;0.937129990177;0.653725490196
21;0.906618324365;0.642352941176
19;0.794396071741;0.655098039216
18;0.75444985887;0.65
19;0.692923520435;0.651764705882
19;0.79983712856;0.643725490196
19;0.876487057617;0.654509803922
18;0.422094743875;0.66431372549
20;0.748429659841;0.652549019608
14;0.657097615021;0.639215686275
18;0.71820688169;0.645098039216
17;0.744653224294;0.645098039216
25;0.800808065364;0.642745098039
10;0.761539928206;0.634901960784
16;0.720019945062;0.660784313725
19;0.740580822319;0.652156862745
15;0.837077591245;0.642745098039
17;0.766211584447;0.64431372549
20;0.722695675796;0.644705882353
18;0.690241899106;0.634901960784
20;0.874801357234;0.647843137255
20;0.834315304882;0.643921568627
18;0.772197741452;0.641176470588
18;0.778303739512;0.652941176471
19;0.692683823335;0.646274509804
19;0.782635989858;0.655882352941
18;0.74716919638;0.652745098039
15;0.50065611322;0.656274509804
20;0.715524360827;0.65
15;0.628714903669;0.647647058824
18;0.718400947556;0.656666666667
25;0.779368541822;0.644901960784
15;0.732180045688;0.648823529412
12;0.741891863573;0.650980392157
8;0.746277202152;0.649411764706
15;0.79625646195;0.660196078431
14;0.747099761177;0.652352941176
15;0.75213557119;0.657450980392
19;0.72334132703;0.659607843137
14;0.728919565651;0.649607843137
18;0.875100712371;0.646862745098
20;0.777804096835;0.655098039216
14;0.756588473548;0.642745098039
17;0.783203539798;0.644509803922
17;0.713007484506;0.648235294118
18;0.713788294808;0.65
14;0.731987660754;0.649019607843
13;0.561101037293;0.651764705882
16;0.708496604402;0.656862745098
14;0.672428527565;0.649215686275
14;0.733678192039;0.65137254902
24;0.846616108761;0.652549019608
14;0.752016317617;0.641176470588
10;0.754038772953;0.64137254902
8;0.74554082918;0.657843137255
13;0.76796794212;0.655490196078
12;0.747252781803;0.649215686275
13;0.770982379762;0.661176470588
14;0.728103291811;0.654117647059
19;0.768044974369;0.656274509804
11;0.751969067055;0.644117647059
16;0.82976325242;0.655490196078
13;0.752805814126;0.645490196078
17;0.689227321638;0.656078431373
16;0.781629636786;0.64431372549
13;0.742516740138;0.646666666667
12;0.735109905737;0.646470588235
10;0.620798600077;0.659607843137
13;0.71581688643;0.647450980392
12;0.693117574425;0.655098039216
13;0.750249687919;0.648823529412
21;0.873781086739;0.653333333333
12;0.762958365991;0.647647058824
9;0.74786102092;0.644509803922
8;0.761286419123;0.646666666667
12;0.754163771688;0.652745098039
11;0.740454744699;0.650980392157
12;0.758757666075;0.651960784314
12;0.777876499941;0.63431372549
10;0.755451218852;0.644901960784
18;0.763340483487;0.645294117647
16;0.795828471955;0.64568627451
14;0.761800476738;0.648039215686
14;0.753801214351;0.655098039216
14;0.695610992461;0.643333333333
11;0.739490741931;0.645882352941
11;0.748369266144;0.652549019608
12;0.738005738179;0.649215686275
10;0.676778710216;0.647647058824
13;0.749090358815;0.645882352941
10;0.729135074192;0.650588235294
21;0.878255798677;0.651764705882
9;0.769990237803;0.643333333333
10;0.752013542;0.645490196078
11;0.768785427509;0.657058823529
12;0.755347294879;0.652549019608
11;0.781323560031;0.656666666667
14;0.777342261826;0.649411764706
12;0.75576679713;0.642156862745
18;0.850331695298;0.64862745098
16;0.791557387265;0.641960784314
13;0.755619908548;0.649607843137
16;0.773687954348;0.657058823529
13;0.727051615573;0.651960784314
14;0.738046866302;0.656274509804
13;0.77554224111;0.647058823529
11;0.753981319266;0.65431372549
10;0.747636899683;0.646862745098
14;0.756168949201;0.653529411765
11;0.74968870135;0.644901960784
15;0.752588951848;0.647647058824
21;0.886684319945;0.657058823529
12;0.771556527815;0.65
10;0.763511411097;0.655294117647
10;0.768734298192;0.644901960784
13;0.76931236299;0.646666666667
14;0.785141356814;0.65
12;0.76679918899;0.644901960784
11;0.782260720731;0.658235294118
16;0.734694906165;0.65
17;0.897128741356;0.647450980392
16;0.802991445656;0.650196078431
15;0.779669725101;0.643725490196
14;0.728193980754;0.655098039216
13;0.742099550062;0.650196078431
11;0.76019727193;0.640588235294
14;0.801451990316;0.643921568627
10;0.795246506726;0.65137254902
17;0.772845651041;0.654901960784
12;0.727432678507;0.646862745098
16;0.752310503167;0.640196078431
25;0.887635563218;0.651176470588
11;0.774036028574;0.646274509804
10;0.763214947067;0.64862745098
13;0.772783872504;0.648823529412
14;0.810387673822;0.650392156863
12;0.772698690674;0.649215686275
11;0.781308636133;0.639411764706
14;0.781288448637;0.654509803922
17;0.819201395902;0.639803921569
17;0.883627436704;0.655294117647
15;0.780659097529;0.652745098039
16;0.713613354291;0.656862745098
13;0.738314378121;0.650392156863
14;0.72643668637;0.65137254902
16;0.803711423212;0.643137254902
11;0.768351030769;0.649411764706
11;0.801636872768;0.644509803922
17;0.774632771481;0.656274509804
13;0.692825114063;0.65
15;0.752799440948;0.655294117647
27;0.894551856271;0.649803921569
11;0.763077681446;0.654705882353
13;0.767092540061;0.649215686275
11;0.776637199706;0.64431372549
15;0.832643540808;0.653529411765
14;0.772348158034;0.64862745098
12;0.780163336032;0.652352941176
12;0.771240922526;0.645098039216
15;0.703719175426;0.658823529412
19;0.90172292677;0.637450980392
16;0.778142916036;0.631764705882
16;0.811172640359;0.650392156863
15;0.727428598688;0.657450980392
12;0.769332091716;0.654117647059
15;0.799654787889;0.656862745098
13;0.734053765465;0.642352941176
11;0.79748999528;0.645882352941
16;0.765109864553;0.657843137255
14;0.700229230195;0.657450980392
14;0.761977537136;0.642745098039
27;0.912136688125;0.650196078431
15;0.763381737591;0.647254901961
13;0.761661196108;0.640784313725
13;0.775936808557;0.647450980392
16;0.843374879637;0.639411764706
13;0.779088706729;0.650588235294
15;0.769678544423;0.651176470588
13;0.769632519214;0.647843137255
15;0.697591178507;0.653333333333
19;0.883095821407;0.650392156863
16;0.776884825289;0.642156862745
15;0.800118089912;0.655294117647
16;0.745350943193;0.646470588235
14;0.787663255766;0.656274509804
12;0.767393689436;0.646862745098
14;0.751256956888;0.642941176471
12;0.788097424123;0.630980392157
16;0.751254096485;0.650588235294
15;0.73872268995;0.649019607843
14;0.766765894638;0.646862745098
13;0.779378024494;0.651764705882
14;0.767377004455;0.659803921569
14;0.768988258568;0.647647058824
27;0.887213303972;0.649803921569
15;0.771401592511;0.650392156863
13;0.772212804108;0.648823529412
13;0.780130961491;0.654901960784
14;0.840508432359;0.650980392157
15;0.731353282273;0.650784313725
18;0.835978579765;0.650196078431
15;0.798011342032;0.651176470588
16;0.781665065054;0.659803921569
16;0.74143079329;0.649803921569
13;0.774001536091;0.643725490196
15;0.772448850147;0.646862745098
14;0.788465540952;0.650784313725
15;0.741408050819;0.654117647059
13;0.783401138545;0.651176470588
15;0.745933851692;0.657843137255
14;0.768126659553;0.648431372549
26;0.883012088851;0.65431372549
14;0.772375315446;0.65431372549
14;0.779987502066;0.65431372549
12;0.780077544175;0.648235294118
13;0.825979142678;0.646470588235
12;0.780880625855;0.64
15;0.777175420615;0.658431372549
13;0.769157194067;0.649607843137
14;0.747575750051;0.652745098039
15;0.828105823434;0.642549019608
15;0.785553090665;0.658235294118
15;0.797936731095;0.646862745098
16;0.755815670199;0.653333333333
12;0.774705556386;0.656470588235
15;0.781488615351;0.653137254902
14;0.794246608692;0.644705882353
13;0.784047309716;0.656078431373
16;0.758031413581;0.64568627451
14;0.745445386668;0.650196078431
14;0.770445803952;0.646470588235
23;0.89173359256;0.660588235294
13;0.771352950633;0.655098039216
13;0.786421271018;0.64568627451
11;0.775220679293;0.651764705882
13;0.819482430803;0.643529411765
16;0.77934923946;0.649019607843
12;0.764591471512;0.650392156863
12;0.782810798401;0.637254901961
13;0.838783032874;0.655294117647
13;0.760646963786;0.653333333333
15;0.785588525146;0.659607843137
14;0.799666780787;0.667647058824
12;0.771949752627;0.658823529412
15;0.746738785601;0.661568627451
14;0.785324371057;0.640980392157
14;0.798696505831;0.650196078431
16;0.764694236264;0.652549019608
13;0.786694978335;0.651960784314
13;0.774568292107;0.644901960784
13;0.756860367844;0.642745098039
21;0.898137444803;0.656862745098
13;0.770905791439;0.65137254902
10;0.775403074843;0.650392156863
13;0.78809685583;0.653921568627
14;0.81290702524;0.648235294118
16;0.777882059057;0.645490196078
12;0.762529007034;0.652352941176
12;0.784174232563;0.644901960784
15;0.755362342137;0.646862745098
12;0.851993503694;0.651960784314
14;0.802012599501;0.654901960784
14;0.784455941491;0.660980392157
14;0.73659012497;0.636078431373
12;0.776298923525;0.650980392157
13;0.788076138658;0.65431372549
14;0.798186678686;0.648039215686
12;0.788208918042;0.659411764706
16;0.76448168524;0.643333333333
13;0.739101862448;0.646666666667
14;0.776608808468;0.64137254902
24;0.921481019557;0.646470588235
13;0.769636224386;0.648823529412
10;0.779795563338;0.644509803922
12;0.786737002884;0.649215686275
13;0.811805409303;0.649803921569
16;0.778173698148;0.65137254902
12;0.769387154026;0.662156862745
12;0.785160924528;0.650196078431
13;0.851311327683;0.634509803922
15;0.758910295164;0.638235294118
15;0.807524473568;0.646470588235
14;0.784509471678;0.642549019608
13;0.788425355435;0.648823529412
13;0.756683493377;0.650784313725
11;0.777190642238;0.650588235294
14;0.798519832456;0.650196078431
12;0.78886888605;0.654705882353
16;0.76323866846;0.645882352941
13;0.740466410537;0.651764705882
14;0.772797376499;0.654705882353
25;0.897129704895;0.644901960784
11;0.780073938867;0.657843137255
13;0.771291939811;0.640196078431
12;0.776933148545;0.653921568627
12;0.784012717584;0.65431372549
15;0.776991231699;0.635490196078
13;0.813700140558;0.641960784314
12;0.77507142677;0.648039215686
16;0.748558049925;0.646078431373
15;0.80721870984;0.643725490196
14;0.836639948205;0.644705882353
14;0.784956561197;0.650588235294
13;0.771095268528;0.649215686275
11;0.775833370992;0.635882352941
13;0.786961807622;0.64862745098
14;0.798875631411;0.653921568627
16;0.763243193433;0.654117647059
12;0.78856947768;0.643725490196
15;0.76667758969;0.655098039216
13;0.750240235057;0.64568627451
21;0.866211609465;0.651764705882
13;0.775619581355;0.648823529412
11;0.779802240412;0.651176470588
12;0.767239963307;0.656274509804
14;0.806205213763;0.633921568627
12;0.784416446098;0.639019607843
14;0.777238080741;0.657843137255
12;0.77073661113;0.642156862745
16;0.743507377699;0.64
14;0.799396564637;0.643529411765
13;0.822778992201;0.647843137255
14;0.782757378796;0.642549019608
13;0.78587662257;0.644117647059
15;0.79552897669;0.64862745098
12;0.780848328686;0.638235294118
13;0.77342977022;0.650784313725
16;0.760984166664;0.639803921569
12;0.78831419747;0.655098039216
15;0.760796518481;0.652941176471
13;0.729677741851;0.648039215686
22;0.851430885764;0.643333333333
13;0.780916908363;0.653921568627
13;0.768750061941;0.654117647059
11;0.7767634645;0.645098039216
13;0.782640454912;0.640196078431
14;0.793911826615;0.652745098039
12;0.782638769303;0.645294117647
12;0.769523620082;0.654705882353
15;0.732571062732;0.644117647059
13;0.811251237028;0.644705882353
14;0.800760673335;0.653137254902
15;0.78225135145;0.646666666667
13;0.766470912002;0.649215686275
12;0.786422185409;0.657254901961
13;0.78509786077;0.659803921569
14;0.796722278859;0.652745098039
12;0.788147457798;0.652941176471
15;0.769341543104;0.657254901961
13;0.716908564391;0.659803921569
14;0.764213295462;0.649411764706
11;0.777275033539;0.647450980392
13;0.770651965984;0.649607843137
13;0.783884628717;0.643921568627
25;0.817672025379;0.646078431373
12;0.76793866359;0.658235294118
12;0.782341922351;0.657647058824
13;0.788398696547;0.650784313725
13;0.78344043714;0.650196078431
15;0.739951970378;0.643725490196
14;0.795743014834;0.651960784314
13;0.801762583659;0.650196078431
14;0.783287590423;0.650196078431
13;0.755556798137;0.646666666667
13;0.785396776343;0.642549019608
12;0.786849797505;0.64431372549
14;0.79686538529;0.653333333333
12;0.788038447095;0.647647058824
14;0.775767205031;0.645490196078
13;0.719346561659;0.64137254902
14;0.767873239269;0.643725490196
12;0.777588642855;0.653333333333
27;0.833610381878;0.657254901961
13;0.769182894585;0.638823529412
13;0.781257359607;0.641764705882
12;0.781053485593;0.650980392157
12;0.774955198027;0.647450980392
14;0.783769307323;0.641176470588
13;0.790592263244;0.650784313725
16;0.748957327288;0.653333333333
14;0.793223744534;0.655490196078
13;0.814626793055;0.650196078431
13;0.783790987574;0.64
13;0.755357301717;0.649803921569
12;0.783622458448;0.649215686275
14;0.786160968918;0.654705882353
14;0.798693344933;0.64431372549
14;0.781095684269;0.639607843137
12;0.788013928816;0.657843137255
14;0.770100458765;0.642156862745
13;0.725134057051;0.642156862745
12;0.775531293752;0.647647058824
23;0.828477374362;0.653725490196
13;0.776657788462;0.650392156863
13;0.77591375361;0.647058823529
12;0.775978381483;0.640784313725
13;0.79590429832;0.641764705882
14;0.78239099823;0.638235294118
12;0.781157387783;0.647843137255
15;0.767226314991;0.657058823529
15;0.802744871413;0.641176470588
13;0.829062965582;0.647450980392
13;0.78441783197;0.646470588235
13;0.752772050097;0.661960784314
13;0.787346272631;0.659607843137
12;0.781909577073;0.651176470588
14;0.798054679099;0.653137254902
12;0.788051266558;0.654705882353
13;0.785960501481;0.647254901961
13;0.705775156795;0.652549019608
14;0.777544260111;0.645098039216
12;0.769315777853;0.654509803922
13;0.778987341691;0.648823529412
19;0.844958874689;0.644901960784
13;0.775572719239;0.65431372549
12;0.78137827987;0.657058823529
13;0.798881816723;0.650392156863
12;0.782049916596;0.646470588235
14;0.781528408822;0.640980392157
16;0.769105447737;0.645098039216
14;0.802903059736;0.651960784314
13;0.784116898526;0.656078431373
13;0.832822321376;0.65431372549
13;0.787549652204;0.653725490196
13;0.752401757582;0.653529411765
14;0.79765376271;0.648039215686
12;0.781173515601;0.634901960784
12;0.788086837752;0.639215686275
12;0.786694482708;0.636470588235
13;0.735035115014;0.657254901961
14;0.784197303347;0.649411764706
13;0.779489681509;0.647450980392
13;0.780309399833;0.646666666667
16;0.886726763998;0.648431372549
12;0.766394568073;0.649607843137
14;0.780005985017;0.645294117647
12;0.781889238277;0.653137254902
13;0.801095532234;0.646862745098
12;0.786830344672;0.647254901961
16;0.76194308247;0.648431372549
13;0.818583782716;0.642549019608
14;0.806473386086;0.647254901961
14;0.782425480134;0.662352941176
13;0.755767997483;0.647450980392
12;0.783457645153;0.650196078431
13;0.787809156869;0.650784313725
14;0.799249069907;0.647647058824
12;0.787735212859;0.640980392157
12;0.788110027925;0.661568627451
14;0.780142216322;0.642745098039
12;0.761648651283;0.649411764706
13;0.777867248872;0.655490196078
15;0.926705614949;0.647647058824
13;0.780189283405;0.64431372549
12;0.766010777828;0.652352941176
12;0.783453020464;0.654705882353
14;0.782355080154;0.660196078431
14;0.796416408338;0.641176470588
12;0.785770182776;0.650784313725
15;0.756451859263;0.643725490196
13;0.812672892784;0.651176470588
14;0.809539589121;0.648235294118
15;0.781960467305;0.647843137255
13;0.75572230225;0.636274509804
13;0.787758041471;0.643725490196
12;0.786382451311;0.646862745098
15;0.797612384704;0.641568627451
12;0.788111348077;0.646274509804
12;0.788356213772;0.64862745098
13;0.771373453058;0.648823529412
15;0.767852191219;0.642941176471
18;0.901183682471;0.64137254902
13;0.778245842709;0.657254901961
11;0.775865679733;0.653529411765
13;0.780078634531;0.654705882353
12;0.782371288073;0.651764705882
12;0.784508881007;0.649607843137
14;0.796038615127;0.639803921569
14;0.782849387592;0.646470588235
15;0.744907297375;0.644509803922
13;0.817628335081;0.653333333333
14;0.804329035251;0.655490196078
15;0.781406509138;0.644509803922
13;0.763681397488;0.657058823529
12;0.787413613734;0.658235294118
13;0.787202607459;0.639019607843
15;0.795662478636;0.647647058824
12;0.788102780498;0.650196078431
12;0.788156617428;0.64137254902
13;0.769368103004;0.646078431373
14;0.761399692632;0.660196078431
19;0.878671783268;0.652156862745
11;0.782928579728;0.645490196078
13;0.777171514659;0.642352941176
13;0.780292688168;0.657647058824
12;0.782925856622;0.655098039216
14;0.79990414426;0.655294117647
14;0.782830530702;0.641764705882
12;0.780582521894;0.660980392157
16;0.738041995437;0.648039215686
15;0.780057061217;0.650980392157
13;0.832042965793;0.643921568627
14;0.800904145528;0.658039215686
13;0.762876743014;0.642941176471
13;0.787008759246;0.643333333333
12;0.785401170205;0.639803921569
14;0.794042753241;0.660784313725
12;0.788096624965;0.646078431373
12;0.787623366115;0.644705882353
13;0.743407029135;0.649411764706
14;0.757694285214;0.641960784314
16;0.868807443281;0.650980392157
13;0.776880484036;0.649803921569
13;0.777790930355;0.640588235294
11;0.777663547095;0.656470588235
13;0.798009504974;0.655490196078
12;0.782168687977;0.651960784314
14;0.782198450488;0.652156862745
12;0.78116634572;0.65137254902
15;0.719207418274;0.653725490196
15;0.796002500514;0.655098039216
14;0.782892528297;0.648235294118
13;0.844872764723;0.64431372549
13;0.7872001573;0.655882352941
13;0.791660647656;0.648039215686
13;0.751957093107;0.658431372549
12;0.783953323654;0.652549019608
13;0.786981222795;0.651764705882
12;0.788094266915;0.646078431373
14;0.761515457505;0.655490196078
14;0.697914638712;0.651568627451
15;0.837700134184;0.65137254902
11;0.769568392402;0.659215686275
13;0.776451049753;0.654901960784
13;0.778768884786;0.654705882353
13;0.793934639291;0.647647058824
13;0.782853391587;0.650784313725
12;0.781192494305;0.649411764706
12;0.781094447399;0.656666666667
15;0.725507396498;0.639607843137
15;0.792946868921;0.646470588235
13;0.844960585196;0.646862745098
13;0.783087811587;0.656274509804
13;0.752953887079;0.650784313725
13;0.787419292483;0.645882352941
12;0.781960301817;0.640588235294
13;0.790351578702;0.645882352941
12;0.788094975282;0.65568627451
12;0.786759977814;0.644509803922
14;0.663862109548;0.656470588235
14;0.769206296665;0.644705882353
13;0.782317761328;0.652352941176
13;0.775128579956;0.647647058824
13;0.81985197419;0.647058823529
11;0.768554808168;0.651960784314
12;0.783638794485;0.646274509804
14;0.784525927207;0.64862745098
13;0.793790165491;0.647843137255
12;0.779672715961;0.64431372549
15;0.729645853888;0.653529411765
13;0.820033663444;0.654705882353
16;0.80126950038;0.643529411765
13;0.783973010973;0.64431372549
13;0.763961320682;0.647843137255
13;0.787531491956;0.652156862745
12;0.783298887023;0.652156862745
13;0.789843200382;0.642549019608
12;0.788096022575;0.643529411765
12;0.786972030711;0.652156862745
14;0.697312920077;0.655882352941
14;0.774820790042;0.640980392157
13;0.776243450737;0.652941176471
13;0.833220796984;0.646470588235
13;0.782657790819;0.64431372549
11;0.77668269594;0.650392156863
13;0.782677538489;0.64862745098
13;0.795058232211;0.63862745098
12;0.780883178679;0.656470588235
12;0.784184190562;0.648431372549
14;0.720953491807;0.656470588235
13;0.802667032928;0.644117647059
14;0.783063523383;0.650980392157
15;0.801920291041;0.650196078431
13;0.771311077774;0.651176470588
13;0.791819236272;0.657058823529
13;0.787583835558;0.66
12;0.784883540999;0.657254901961
12;0.788097180697;0.661176470588
12;0.787057205003;0.646470588235
13;0.715401841786;0.654509803922
13;0.77905003296;0.660784313725
14;0.866531640027;0.660392156863
13;0.779566550993;0.653725490196
11;0.775896054491;0.651176470588
13;0.779890253279;0.640980392157
13;0.797034203904;0.645882352941
13;0.779288614106;0.650196078431
12;0.783597012772;0.660784313725
12;0.7844513809;0.642941176471
15;0.741383458211;0.667058823529
13;0.783770546261;0.657450980392
13;0.802088847468;0.643333333333
14;0.803799692345;0.647843137255
14;0.765607803349;0.644705882353
12;0.784264741995;0.659803921569
13;0.792912298492;0.642941176471
13;0.787803576677;0.655882352941
12;0.788097921017;0.649607843137
12;0.787409904329;0.652156862745
13;0.735800751866;0.648235294118
14;0.776119251952;0.646862745098
15;0.880318264656;0.650196078431
13;0.781025797819;0.652745098039
11;0.772348788707;0.646078431373
13;0.774797739085;0.644705882353
13;0.797903670528;0.642352941176
14;0.778975728247;0.657058823529
12;0.78278953403;0.650588235294
12;0.784560923372;0.647450980392
13;0.800992356121;0.643921568627
15;0.74817565333;0.657254901961
13;0.782428358409;0.645294117647
15;0.798761415834;0.645490196078
13;0.792816426395;0.642352941176
12;0.784149996382;0.648431372549
13;0.787853031554;0.652549019608
13;0.762050530711;0.648431372549
12;0.788098226933;0.639607843137
12;0.787559630416;0.656470588235
13;0.747248606493;0.649019607843
14;0.763791171831;0.647647058824
15;0.873034181994;0.636470588235
13;0.782413392869;0.64431372549
13;0.774281423174;0.645294117647
11;0.766526402389;0.643725490196
14;0.796904108761;0.656078431373
12;0.78155429099;0.640980392157
14;0.779381373779;0.639215686275
12;0.781887914997;0.656078431373
16;0.737785237157;0.650588235294
15;0.795047389007;0.653725490196
13;0.822347716033;0.649411764706
14;0.781524156391;0.645490196078
13;0.755386759631;0.640588235294
13;0.787663915622;0.649607843137
13;0.791661944713;0.644509803922
12;0.784839884133;0.644117647059
12;0.788097802259;0.650588235294
12;0.787364092689;0.64862745098
13;0.763542711829;0.660196078431
14;0.761409394387;0.647843137255
13;0.783497764878;0.643333333333
13;0.836427334065;0.643137254902
13;0.775158442973;0.642156862745
11;0.77203545305;0.647647058824
14;0.779460168647;0.646078431373
14;0.79427412399;0.653137254902
12;0.780768818053;0.65137254902
12;0.779217593973;0.647450980392
16;0.720694819132;0.645490196078
13;0.839066460933;0.64862745098
15;0.794207277533;0.634509803922
15;0.781285278335;0.650980392157
13;0.750910459578;0.642745098039
12;0.785557992625;0.646470588235
13;0.787632344058;0.657254901961
14;0.792665740185;0.648039215686
12;0.788097325064;0.653921568627
12;0.787390793957;0.651568627451
13;0.759828910299;0.649411764706
13;0.767288539951;0.647254901961
13;0.784753555407;0.657254901961
13;0.77480406025;0.654705882353
10;0.780237367509;0.643529411765
13;0.817383793912;0.656470588235
12;0.782555424941;0.646666666667
13;0.782096211176;0.654509803922
12;0.77885954793;0.645882352941
13;0.796385289519;0.649215686275
17;0.735351122068;0.646274509804
13;0.837461819745;0.65137254902
15;0.792703993773;0.639607843137
14;0.78376293623;0.648039215686
13;0.748130343758;0.649019607843
13;0.787768764977;0.642549019608
12;0.784627680594;0.654705882353
14;0.794566641553;0.643725490196
12;0.788097141658;0.656666666667
12;0.787444178161;0.642352941176
13;0.730209645176;0.652156862745
14;0.763927388243;0.641568627451
